27280025
27364961
27157097
27310200
27476503
27045340
27236081
27122697
27612977
27146132
27280760
27124231
27492525
27041812
27501750
27927909
27782721
27752943
27481030
27936013
27537751
27606739
27781405
27488159
27226145
27630903
27997252
27788615
27285427
27205041
27861057
27809804
27459337
27276464
27586191
27542870
27230340
27178452
27323639
27715993
27110379
27493189
27999927
27218977
27002974
27710915
27938400
27978493
27957339
27692991
27921512
27966745
27870282
27504433
27911702
27966065
27754888
27432801
27041109
27236779
27347826
27230983
27011721
27554970
27289831
27273855
27359768
27329140
27727618
27902585
27081139
27777402
27362306
27106968
27865216
27685560
27346107
27739234
27855049
27276357
27154510
27753499
27472426
27283047
27285067
27790329
27539046
27603389
27821067
27787267
27118404
27362800
27835075
27641262
27709244
27372466
27115853
27157056
27946390
27345107
27074635
27565711
27078384
27384850
27131800
27699706
27426580
27040728
27113190
27708487
27222593
27509080
27962437
27729627
27520094
27208214
27654998
27278385
27782693
27491166
27418482
27297121
27111982
27912016
27637279
27559561
27685066
27024401
27507914
27573707
27081941
27763548
27385819
27212773
27053282
27399475
27611457
27967005
27228451
27426078
27407369
27662064
27285902
27758752
27388777
27629870
27938380
27456782
27421241
27481181
27150922
27945860
27015186
27747152
27567465
27633274
27653358
27893871
27235432
27962581
27805870
27946804
27759247
27984568
27750616
27577081
27373092
27039880
27968868
27989559
27924984
27283659
27211771
27677087
27142713
27983235
27036653
27555832
27400558
27970878
27929454
27487113
27018066
27405990
27245718
27343964
27432731
27540325
27777842
27417942
27214340
27205220
27538853
27733499
27372962
27309486
27810871
27618389
27107514
27425523
27668112
27989262
27092955
27362431
27659945
27460467
27061879
27142193
27149063
27283877
27536508
27074762
27809237
27642494
27499883
27911666
27026067
27601946
27008505
27580704
27135409
27955663
27956169
27720522
27518633
27484945
27519022
27965945
27059169
27711006
27015714
27161402
27737152
27858981
27844582
27008435
27516532
27203960
27494263
27325293
27033033
27091276
27064976
27819485
27569057
27228570
27242920
27738239
27985938
27177403
27331937
27868275
27323554
27630871
27414338
27548885
27929144
27315367
27174208
27822268
27356312
27076144
27821804
27035355
27752066
27572997
27869934
27904997
27580780
27944920
27139645
27277448
27968902
27357169
27875580
27931309
27949839
27017675
27302510
27228617
27158561
27212705
27401403
27226119
27017776
27846482
27942060
27976709
27269300
27214180
27506232
27751765
27710907
27038597
27542175
27322913
27455814
27209907
27752053
27070888
27380584
27420281
27242659
27127391
27186335
27527609
27535775
27059615
27090367
27010594
27717269
27425460
27916177
27355887
27287991
27817607
27090934
27366050
27674789
27078008
27358473
27609478
27487829
27761109
27921552
27979462
27264204
27842798
27285815
27408091
27545389
27605285
27829363
27802944
27722127
27635331
27687220
27661966
27797819
27907611
27816652
27333370
27258978
27845122
27330789
27010546
27501945
27837459
27570344
27633353
27744018
27149255
27279020
27161085
27609386
27460500
27415523
27054684
27876192
27797723
27862887
27646224
27139292
27939955
27562623
27701710
27224286
27930978
27980511
27652504
27073305
27813481
27364713
27994051
27962625
27936101
27459228
27227426
27177343
27577632
27333017
27423549
27705719
27462365
27541949
27413874
27883852
27695512
27103272
27114357
27013421
27593670
27015267
27851917
27083947
27631032
27735273
27959228
27903855
27386535
27441333
27796798
27230464
27710535
27450823
27992182
27975939
27707837
27451874
27618394
27753037
27113027
27743606
27714669
27233781
27851331
27781652
27050176
27020774
27571422
27129451
27442246
27611472
27096508
27366048
27646246
27277704
27829048
27131756
27745249
27428842
27197500
27585818
27300914
27630154
27099725
27291879
27734181
27728643
27510493
27873779
27216439
27278953
27190222
27741286
27206837
27161804
27074953
27896316
27547630
27447997
27529124
27565991
27779885
27791420
27858693
27577611
27844499
27797538
27732296
27565816
27720524
27660411
27520552
27031637
27405883
27563694
27147778
27080667
27749786
27784415
27317807
27274956
27882567
27129792
27373378
27556235
27176390
27288169
27486956
27775970
27403171
27123882
27048796
27586402
27455080
27285619
27036363
27222844
27262583
27815862
27050404
27006597
27954751
27984447
27467418
27525800
27932796
27711916
27457990