3854 3411
3782 2901
3922 3294
3855 3384
3535 2658
3850 2651
3882 2593
3918 2524
3829 2523
3724 3430
3624 2682
3606 2771
3790 2768
3994 2809
3604 2834
3734 3313
3903 3207
3696 3015
3569 3111
3542 3272
3735 3008
3541 2640
3659 3317
3539 2679
3595 2556
10 10
3835 3382
3641 2647
3755 2586
3817 2918
3584 3223
3989 3193
3653 2736
3988 2970
3779 2501
3995 3026
3627 2726
3890 3215
3846 2813
3689 3301
3897 2639
3687 2698
3959 3175
3744 2990
3668 3130
3623 2696
3582 2776
3950 3435
3642 2562
3626 3451
3871 2807
3977 2988
3518 3381
3652 3013
3723 3303
3510 3113
3688 2633
3526 3084
3573 2728
3507 3368
3662 2789
3991 2914
3926 3001
3657 2555
3815 3199
3568 2689
3578 3347
3780 3157
3527 3077
3524 2518
3916 3146
3726 3045
3788 2500
3671 2854
3841 3115
3713 3098
3706 3171
3612 2590
3881 3369
3677 2830
3738 2860
3532 3250
3522 2626
3797 3006
3559 2511
3939 2932
3892 3003
3970 3230
3650 3119
3774 3220
3538 3099
3615 3466
3637 2836
3768 2708
3879 3342
3837 3034
7202 3602
3520 2989
3978 2531
3736 3481
3949 2905
3746 2973
3793 3240
3605 3195
3856 2557
3899 2552
3952 2872
3802 2806
3551 2992
3789 3262
3839 3124
4000 3304
3698 3374
3576 3500
3866 2957
3720 3498
3750 3067
3728 2709
3796 2933
3851 2636
3909 3491
3873 2748
3593 2975
3721 2788
3583 3418
3883 3096
3975 3080
3955 2886
3715 2859
3756 2529
3556 2946
3554 3495
3666 3140
3825 3088
3640 2538
3777 2628
3997 2757
3562 3273
3567 3399
3719 3032
3672 2742
3630 2899
3884 3410
3945 2607
3763 3407
3845 3118
3900 3046
3557 2780
3635 3472
3549 2614
3732 3358
3639 3447
3772 2677
3651 3202
3645 2603
3636 3261
3695 2576
3771 2795
3820 3318
3611 3116
3536 2907
3920 2930
3976 1989
3874 3210
3809 3386
3937 2516
3878 3156
3543 2766
3823 3345
3504 2811
3811 3020
3923 2660
3690 2804
3547 2508
3819 3284
3907 2703
3901 3330
3517 3271
3648 2583
3571 2866
3919 2983
3786 3251
3776 2690
3868 2675
3716 2605
3944 3275
3992 2746
3588 3480
3927 2602
3586 3464
3673 2858
3656 3079
3983 2772
3946 3478
3700 3702
3795 3293
3729 3018
3987 3063
3840 2794
3670 3315
3529 2904
3712 3281
3530 2754
3816 2999
3905 3094
3663 3334
3566 3201
3924 2721
3849 3025
3754 2621
3580 3343
3864 3069
3888 2958
3960 3396
3906 3473
3798 2945
3787 3465
3523 3227
3814 2756
3591 2887
3858 3188
3913 3331
3852 2981
3942 2740
3649 3328
3608 3036
3806 2656
3831 3496
3935 3212
3794 2764
3948 3173
3618 2874
3638 2513
3933 3163
3799 2758
3792 2844
3800 2577
3581 3457
3597 3021
3730 2840
3703 3351
3869 2715
3925 2643
3941 2616
3886 2739
3872 2955
3710 3276
3964 3493
3743 2541
3737 2630
3601 2711
3585 3219
3545 3391
3619 3022
7200 3601
3751 3323
3665 2827
3616 2560
3702 3373
3700 3701
3563 3402
3853 3309
3599 2898
3546 3029
3801 3198
3674 3257
3980 2507
3971 2622
3714 3027
3598 2843
3513 2599
3607 2720
3752 2752
3947 3086
3739 2885
3620 3459
3537 3158
3589 2676
7198 3600
3836 2514
3561 2582
3770 3405
3575 2683
3870 3458
3629 3416
3579 3380
3594 2884
3765 2878
3548 2525
3661 2923
3633 3349
3590 3125
3928 2761
3921 3389
3683 3375
3625 2743
3996 3488
3740 2966
3644 2818
3895 2729
3632 2536
3509 2971
3692 2722
3664 2727
3505 3231
3647 2512
3807 2624
3938 2526
3784 3333
3929 2693
3577 3126
3609 2686
3516 3365
3914 3426
3821 2951
3893 3462
3717 3456
3544 3367
3511 3387
3705 2777
3622 2535
3984 2527
3694 2994
3555 3249
3521 2984
3508 2805
3621 2697
3958 3431
3898 2613
3631 3291
3753 3228
3833 3339
3973 3051
3669 2615
3709 3121
3887 3056
3553 3216
3859 3246
3860 2662
3525 3370
3700 3352
3769 3274
3832 3290
3847 2559
3700 3700
3891 2521
3827 2580
3764 2853
3822 3147
3838 2569
3910 3353
3781 3299
3552 2678
3725 2891
3766 3322
3848 3183
3969 3087
3998 3172
3759 2902
3999 2826
3731 3383
3684 3417
3600 3443
3667 3225
3951 3477
3967 2692
3830 3394
3880 2519
3565 2625
3810 2814
3775 3214
3603 3037
3760 2792
3962 2510
3867 2759
3749 3082
3982 3268
3708 2767
3596 2927
3783 2710
3501 2520
3834 2862
3785 2987
3828 2938
3990 2774
3540 2832
3727 3324
3699 2890
3733 3364
3515 2575
3680 2659
3685 3412
3968 3070
3966 2674
3824 2873
3519 2540
3904 2611
3570 3162
3707 3136
3655 2712
3954 2673
3628 3453
3778 3264
3512 3095
3617 2629
3812 3263
3564 2787
3534 2819
3701 2856
3697 3139
3528 2797
3917 3238
3843 2753
3654 3497
3932 2894
3531 2824
3791 3066
3679 2694
3818 2554
3675 3135
3745 2700
3957 3151
3533 3332
3502 3128
3693 3048
3953 3359
3572 3298
3943 3105
3758 2547
3678 2642
3560 3248
3610 2993
3558 3335
3741 3213
3804 3075
3682 3092
3686 2877
3718 3406
3981 3422
3936 3017
3940 3085
3514 2910
3646 2944
3643 2825
3857 2828
3931 3306
3974 3468
3862 2784
3865 2589
3876 2947
3587 3143
3844 2915
3658 3222
3875 2570
3985 3166
3761 2738
3803 3050
3747 2548
3506 2925
3660 3005
3972 2929
3861 3039
3614 2745
3993 2579
3979 3168
3889 3397
3912 2573
3762 3078
3757 3040
3711 2812
3896 3295
3877 2800
3550 3178
3956 2917
3748 3019
3574 2537
3911 2571
3613 2634
3842 2532
3808 3467
3902 2842
3965 3179
3704 3197
3805 3205
3930 2564
3592 3440
3503 3419
3908 3357
3963 3114
3634 3438
3826 3296
3894 2912
3934 3093
3986 2714
3676 3100
3722 3234
3961 3278
3773 3254
3767 3307
3863 2601
3813 2627
3742 2664