143446
177051
109053
127568
192199
132410
131547
163655
182967
129246
129384
155337
145946
120595
192120
166142
181365
157234
189102
169533
147185
113979
144177
104860
194879
168337
138377
132095
177604
119520
185297
148368
123829
156666
161367
161321
124710
151199
153038
147861
188077
128775
157247
163455
180073
185924
121275
179879
169320
132590
108806
163783
106786
126681
152269
192708
195904
177237
147949
169251
118666
176196
133001
196614
180768
172990
131154
126204
107520
181348
127498
123066
164417
116921
146344
198652
117300
104764
130838
178802
180298
128398
128324
108769
158267
127943
117392
185527
171957
132797
138366
155987
131218
117354
125227
198076
198563
165413
171655
145469