8710
1046
4165
9616
3849
6236
7692
5701
2283
7351
1911
1420
9937
3361
5513
3698
2014
6921
6906
7139
5651
6486
3429
8381
9680
1120
1789
6065
1989
7137
7937
1048
5476
2167
6566
9705
4142
2518
2935
1209
8064
9726
3118
8507
1845
1338
3395
1177
1343
2023
1206
9444
5170
7654
5839
5540
3979
8071
7452
8828
7670
6225
2635
2951
9224
1605
6960
6838
7972
8613
2326
8832
8172
4956
8992
2416
2313
2422
3948
9096
1982
1417
4508
4898
3652
3860
3892
8098
4727
4351
5736
3769
4533
1517
2534
7060
1520
1714
2935
3241
2742
9498
9487
2031
7718
4737
8974
1247
3282
3351
8474
3267
6596
6859
6547
4546
5686
5509
6876
7723
7230
1917
8216
6340
9747
3249
3850
3971
1301
5919
7921
2642
5963
6413
8304
7173
2592
9667
8240
8269
7496
8563
7166
7617
3609
7087
6566
2528
7977
5129
5489
4680
2372
4253
1763
6019
3033
2136
3575
6868
1702
8904
4503
2318
3986
5127
8533
7144
8093
7134
8755
2778
4729
1336
7111
2876
1119
1666
6553
5079
6207
5400
6438
2849
9459
8055
9264
6838
5872
3760
2178
9409
2764
4580
8775
2364
5072
4377
9303
8656