1001 3531 1001 1009
1006 1009 1000 1003
1005 1003 1007 1007
1006 1001 1000 1002
1006 1006 1008 1009
1002 4668 1005 1000
9956 1004 1005 1004
1002 3273 1007 1002
1005 1003 1002 1006
7792 1006 1002 1006
1002 1006 1006 1003
1005 1003 1003 1006
1005 1003 1001 1008
1003 3722 1001 1000
1009 1003 1009 1004
9825 1000 1009 1001
1005 1009 1009 1005
1002 1009 1001 1005
1004 1001 1002 1004
1005 1002 1007 1002
1008 1006 1009 1004
1008 1007 1007 8982
1004 1005 1006 1006
1008 1000 1002 1009
1002 4291 1008 1008
1005 1000 1004 1006
1000 7487 1004 1007
1003 1003 1001 1002
6259 3781 1005 1001
1001 1001 1005 1007
1005 1001 1001 1001
1000 1007 1001 1008
1006 9097 1002 1008
1007 1001 1006 1007
2784 8840 1001 1005
1004 4004 1009 1005
4982 1002 1008 1003
1003 1008 1006 1001
1003 1001 1007 1000
1002 1004 1001 1001
1008 1004 1001 1004
1008 1007 1006 1003
1009 1008 1004 1004
1002 1006 2288 1009
1007 1007 1005 1005
1003 1005 1005 1002
1007 1006 1008 1001
1009 1004 1006 1007
7037 1001 1001 1006
1005 1006 3234 1002