76 78 73 93
52 50 69 90
59 39 46 64
28 12 87 57
66 36 94 94
99 50 10 30
16 58 25 83
71 23 60 61
74 57 52 33
79 18 11 52
75 58 31 99
42 65 45 21
66 17 72 92
36 38 64 42
49 62 56 41
47 63 74 10
86 45 76 37
63 35 96 59
47 88 96 68
44 29 19 22
81 79 65 67
20 12 87 66
20 90 88 26
27 25 22 44
13 14 11 32
10 50 76 35
61 29 86 87
27 32 46 76
18 16 43 13
91 53 41 27
32 17 12 99
18 51 43 40
38 11 80 41
65 92 39 96
55 70 41 23
61 12 28 21
68 97 93 21
71 96 45 33
54 77 14 24
69 42 95 82
31 79 30 30
60 53 88 24
22 82 38 95
34 25 98 39
60 63 97 53
52 54 28 67
66 51 90 27
73 38 19 21
85 49 33 67
63 15 59 89
59 13 75 20
51 94 35 54
12 75 77 77
26 83 61 34
46 62 46 23
55 29 89 64
28 43 78 72
46 13 34 37
24 74 15 73
50 35 80 11
58 40 45 15
64 40 70 14
71 33 70 85
84 75 97 80
14 55 95 21
20 72 98 82
40 26 41 51
36 84 40 49
89 20 92 54
37 27 93 10
89 53 47 49
69 65 92 99
58 48 15 34
86 85 69 77
95 29 31 90
80 36 98 91
56 79 24 26
98 39 86 56
67 11 23 87
43 16 68 73
47 62 91 29
25 85 33 93
43 44 31 23
35 97 83 37
19 78 81 31
78 83 68 32
19 30 42 37
55 84 34 74
94 91 22 71
70 30 56 36
19 48 44 39
24 26 82 38
44 32 22 48
45 88 17 57
42 62 17 57
16 48 28 18
15 18 84 72
14 25 81 81
16 60 17 13