99999999999999097349726686991995418462133696167902633813088380970352460681922005829362459308601968676724974655077964335420859246132216013724496696110023709259107103387599582515
99999999999967165992272786812686689936429506301857574272138823297746310467159115320116166989499819323282389589523112287204449302358640765914452186760521376584612898607307339040
99999999999995919999179399154951650947923952167554141867639782260627357369218482606101530017549475173401135539712084549745116922022115628121387265466221073561806629268498555352
89999999999999999999999990673147054009775941818469133775575106230913577216562257201034297459769999954425694467370374991426901178934884783955662362040109548908781781960480216794
29999999999999599999993813662886215078798904326289725695497842541955160770165748839999999623999999995781599999958494791191902699891884482236877925932549215092075221862924139924
33299999999935499999995965895232033885286180647148953154214809774014117415322473069999999999999999999999999999997939769997460499625930046824949617982036511754738928013634978022
79999999999925371499983487147301765849731571090650849905438412447935584599999999999999999999999999999999999999999999999999852198643160996564933107376229467864668949610970002978
34499999955811264867155338887672283913217639019187351860822992686950974259999999999999999999999999999999999999999999999999979357994765553930211369506070003259347494780523161860
51999999923400817915948257478585426675812548550424977382657109174399996999999999999999999992913099994622299999999999999999999497159676111912455275877868787841625663129211293124
59999999947465235847419222611444115578367905853893408850832880999999999999999999996521999999756319999239399999949999999999999999999999933534295172209985580641160286006253421157
99999998128622752255998249962059987296575419590680924549946134426999999999999189999911838794498948962903145969606111999999999999999999787472491525926053885452104639899663405250
99999992159996999930479350638922403988350907000567440056989311747999999999873936409444528098796073520221507540715675999992999999999999999659987902616364503358736474566499053597
99999999999999999532347037386263314466458083027437781073759999999999994999932441870722030168052369997496596977899569599977428499999999999975243938965491721120154185281771810641
99999999999999994765887366152356111237911876245025631853989999999999949777904605893976202832686198730553955710649916985590414499999999999999999982787939087736730340209124616068
99999995819999996978887682515411645328991156377312362632849999999999991800374645645374198296461379266901323272675217640941541999999999999999999954777343216490116655734123559629
99999994114166189110769525969780525984028426650443015156999999999995556535560531271212905905805531615583549612042234636514943149877172999999999927714030908752830463288195306930
99999994334133357933537129140697351756368123128922952999999999999674256266586551689963172896062809101300430153155632248001634623843352399999999966682699040358695412721625712414
99999928747317957592048902456712316731260530635083899999999999997416635500431108476052431065063986440658303212517183851939046519275226699999999993990058058530121318178009332723
99999949873258846994394302410238938861572593413563553999999999605526322550321979883791659050066157381046272625254818257320036562996719999999999999999999956697131145105386798647
99999922422902686655508286759757155082661625535017855999994583660795462142176118375373846621448833887085253786957199432171014746979896999881999999999999992113829707608046585101
99999979994899933792059721175577489919928416665951999999987049473214692360983959786040599906999748276357522650869750991276433717309802169619179999999999993040379156339494150383
99999949999993310971498176971078581623527320350364999999999197171452268322050283957999999999999999999238397618250325330843637474495003141266212999999999957353281094476730471225
99999999999999890169361375384462283088986146148042699999320580136819108299441629999999999999999999999284402742190100456172152685537866264042773999999999694801514010136619152697
99999999999999352659822954110350408691773352425775799995384844727659552476539999999891993679849899999999996729333900081705200509989564512615899999999999837817499641441223151282
99999912899992309715093212480174381258631447789029999999969260738555922769999988616230710169607643939999999946260660294642594768835887872283899999999999999954222360881734745350
99999991184127886936259767594311713833279113756499999999927507951548341709999152805284693890443599793999999992318307732340330918411552138676741981639999999799999832082356891158
99999911429357937992979681461787661413174779135999999999123825295790492999981696328072892580249371921059299999792665365444533874007735410150859932402999999999999960011971109013
99999998496504461155869574286218087416995761581691999999211755914363615999918096076888884112834687875221399899999593821476802269729884840562958971572699999999999938121952798980
99999965972057993866791498558215736315137938486174999999905446334584939999490934888999999999297804904232674849999821697171583541223192836724099543385599999999999594461273588742
99999916992929991400528742237919983034276943349799999999239670031465819992752468888869519199992193548761024999999949023535979376308916182607211892599999999999996643807872690459
99999918999999444894861870964277361114409979912439999999623569550409349991020088888888859004999665850167828595799999184136784548555460945349642577399999999999987073742176566307
99999999999999999688151170461145988709226176529198729999935450577586589998158888888888884325199990186727370946799999859234336091535821904691678068474495899999999999455964259430
99999999999999981572873053039593200956305335419123599999997293826591953999483448888888888993729993270191704506999999327762254114118172320216789274788947139999990199997978721678
99999999269995071494222246400499893197875015636437999999344448514572189499935212888888888234919993948771696505441999895549491895492921160578807834417595099999999899999941716225
99999999974288374369981026567200182497295324239324999999999136610497770999998560103888886272169999326175094839970999995229435994714907497553260258197137623999999999999996111250
99999999927194369711562989158822570753883458715056778039999969948788938955999999999998836631749990008668435833699999996282911969248027638916269563191597264899999999999994157002
99999999979565516994857446709909380520210466212770947899999925707779360755179688888424477465099997847047958100499999950185981585771776938840490425683940599999999999999949556949
49999999995157226998956474166293572259319753879083058899999999927625179793391332583327152321999942297664393069946399991918773880388727748504861278867885999999999999999265928151
79999999995299914998257904386781058600654305760918734362219999946111250270834029752868917499999989861525089374245999999458195062192644442546063733165141499999999999918478938332
71799999999459999999638386120742298109793917650239464970129999999997842747923448998445545999999727980154255876999999999126727069697992583004985191267337399478999999990388511720
32099999999999999999856772354150489528414829606361143969789999999995099292911911685292999999928169145916361290938999941101526811449618104384583959189217289858589999999998026896
25481999999999999992437779636030732257598480518121990823896876499999999404999999599999999992455789668125795699977999967722127970168202706478625779152123153792071999999999931407
30599999999999764708354411386394083157604719605064751395933416899999999999999999999999961798151566261881183394889999999448737011719785112129048109962499783593384699999999999824
72999999999999999729884822654777814361530434289718759569859474183645899989999999999549613817410313113739728949999999999796492786393582893697844501956797812115321599999999999993
21999999999999996189952949123358529947758439514238932768244815494663965611299227112727983060345051378489125121999999997803559393682159122936740728984060104719297799999999999994
92699999999999999395644799026372294618507714666409204756398522873465980442547411447511567024781698559644711978999999991487074831508471424533570412056845592999999999999999999989
75981969999999999998999999999184763195406438847035791395142973733006049702718671348368770596379775922587479999999999506064812842903000010552570988919547263999999999999999999711
43465791999999999999499999999345959256767458173500269528727214349787613788239494314906577228271891728439499999999999427046378964983743255468519018336161278799999999999994990747
42069999036989999999999999995759273395632738411790919662061226725226209541990556592132007790105854827924989999999999165824520243770342289302154556901150529997239999999971412794
71594412014839999999999958105486776431884830019740403864233846056147784573138279307633518776127126611115199999999991958690968869169010362882191356269504569479576999999976743836
28978976745115999999999999934815034932232530281631485905832396038161627924729873865314760396005015329999999999952242341358675852406105164759324117333222617325929999999626999114
36729830391079999999999999451125424998734719787042706226326780095964026997395637653287106094893980999999999999939447831622884307215503381037360009169969132894864999999281891171
92789102191889999999999999999618999999953295984118448435002980649827848172496849880713377429291299921999999999999970292012455025530916589004691130995796825715419999999654999990
13789671180409999999999999999999999999937792362169324696036185802198948336539756595532018945748929636999999999943718427920674295498153132585666016877077557759239999999999999999
14534621941232499999999999999999999999958251889276009623121882607519979695372783780448642799999992699999999991041550262892310491487453643023915533572865606599999999999999999999
31422234836798633691459859999999999999999923189999975671820373659573705645615197972498079491999999999999968218704586855836556868164921710667939606312139329999999999999999999999
15343800024523453999434121999999999999999998899999991398792410391616685992938524999899915148299999999999772594759977047408264448863272489373783831042625792999999999999999999999
61368273910509356423016786799999999999999999999999957268419999980499449939984214499999999999999999999999896187277319086669250366785453847153983014190687131999999999999999999991
43306648806211681233974131299999999983999999999999994151033899992033915899999527599999999999999999999993995542495383648917632138672383622439486995576047799971199999999999994530
49987721010414206818975435699999999993749999999999999999999999999448498999999999999999999999999923758424736346340765971267452401645782428039272898269915891167395999999998279579
55216357876015103499726624419999999699949199999999999999999999999999999999999999999999999999992361322013444195370842207307261693900241966341609058719687320864465979999999960871
95463244988616230149999981155334999180081999999999999999999999999999999999999999999949999999999997172240881040465870167767476142303466723001548132729301283326732591899999999964
69361615846518986405015909634404499904931799999999993589999999999999999999999999999952729999999151414935519860300509669956616886800613971590988745192222238361608545799999999965
63616537237428852957654569299861029533432779999999989958189999999999987199999999990202771307166491560856609108346415572485156230815060931072685726645921722792850905686999999973
59477215843317258304840672244093894719170381999995942971199999999998986765999999999908127134226936075370101338359560903230580764711910570821612303697106094468631899998999999992
54433883247576894163773555740053061796676328327547993818487999999942726388394989369962201183754269246404360446451433146564158056520238074756856432489079999999156299999999999998
38402764303903616005641229557402210656166490902501999821677511442899451259870519033424726246692692410808672246757458055911929131454608489964855560000799999999916799999999999999
02655821464426583595251620241184450857341219940629559977131338989347752778629707712579324554076809039232210460359243673219638576007766524356634730381449999999299999999999999999
30116705718227887269147921007090073106214615140900539391174913588958747294859338042677626615538000434841020334095596986526838995057027017317392382491359999999999999599999999999
55784935227335718992995496851044941615817461060128392679914712162106796184607262045738361274513787765406704507210814433341345269748413290275919797799994939999995964999999999999
08622256582144903711604342233151102611506176011451633810935424113265401839672664923862485563209447006517835926157984119983021257259347679081752225995499519999878587399999999999
19781422697328013289528757318916264308277245114071450669077065829638424328237896914581972182237082928178160287058288990530186713626728078679999399477571388749986023499999999999