1643943897342469275926447875318
7269591457897473387561831285711
8249363666794472256792547543883
8694655146627783149725574322685
3923327758664248867886785783253
5749314688691256432924549146455
3223833961231749398922463799958
9959857118341324738118462641874
6193269544787871733735771437695
2569742275295531886771939642946
1352974464674386763897578724789
3881815466298531125133448171737
3648465549416964426594325327583
7355642985755254583242277982939
8862961117689623677825581145443
473835998329958@513223632156436
5859778753433842846558823953257
9152929423793788752455656469967
7935131969957683386672398842299
7517423811551596469326132572654
9345774346176283785249226151787
3669431866269859743265587314823
7747691543534131211877448191662
1595515893674528242629457762352
4541845238156234883935361629219
6269249255416853993776191382355
4598269657837641639916574359337
9728634786924422227896516753543
6847973588291996241385626492724
4578741767689535714522981772922
6578625586388152922758969492728