31233515653145878731331812357715821472214754231664822574532423362315844166433355712183352268554652634
64521483422285726833748464842345876434838183472844227774666486213222187768474223831724816426241112432
62357338871161665373531652648874577186187878247641165247438236434317381445766651485525841518684654624
44182464786558234577238843433762588631253736111228428542232282114757285165176867317111166342434732153
25266325754823776138642353188141888421426763517368421454334154657421634834515827315435186464737712474
55426562282678315447833713147376366346775633641648616772223782288571854668747414456182361653823541432
83755317456858861453731321251583648766717277714818485337852375384143662438588641678818764848752631813
15638543528145578717538268381753334711744855744376351463532481544126682312858266154435644287434573443
74378828136688451225345215672222273213733833424145815713382524315886588231416255484386426823786182751
63447351148126746524716617436343753826712824281112512856544788824833787337317145181344413817675372236
56328782363736374742566714711743882865446176752413585727481252812567311268654688547272511278127245187
13853432745672437628135526665328636545421247645595669844564877887755831617526122682256688584564642641
84532543747417185738877381136385122653586684675898585578987769612824115734636448358876253361326656325
77187777545343326567767137424471465299879454878948967594655575886444358375845462412364361354331385125
83548255167115851254687781183481168458964474759677475595545878457769687187186333465315443436581777154
46862534375462476888711625247316949547854866799647656458584665474655464673437628814546264577732867325
17681331277343223573364173568276648754457889689764987486685949597984776567147266685477274671528722463
45853571572348486777174623468948867469476454974969656757459654867567648696223421336161478751775825785
35482112136763476556777786568788759474856495466467568964949755768655766694918462257215367113568181568
26225185855811643525276275987694996798697456856645565578569959575446645974465612433464778311778213438
35172868482245788176338829448597876896844478895669589794544858496888655695664443677466326811451671537
54876477626877365644565656996794894656644478864945587987794798457948444458994655652443868853128528565
16884578725322722776635746856589495457674855849577675969475489658774897449447886581215768383378673258
18611487421887534654264679976544889644958984584699965494696849864976445645988645625434866114365858758
81756435846757434834589769756665595857966645469559475969968988978955786465985967541655828262427753737
17112737518835132737867946898978477946699655588895474456867689845459996878689597594626124548672672228
46261481412876745357478686985567777687656458867585946487879574976666944854479759544667425332573317772
61412136628733888666774774948545485988645977766945474677497776588544479784669785677547586262783148855
82586244314546751998878968954644848768957688774947566979485459485695654876677888669476461816746761146
35835337427156762874986575788857894998469687798476565979577856495669474445757987758852667857118748214
81267784446467838559449878446548565446644875484587876575458974989965799975744545558855832833643183144
53731872382515728467968779764649865668864458448657655846976574657774857488968947894757564711274764268
55256415466187578544745974498488656589754859665548696568967856578654575649944746978589815436855537723
63374664233428289897888456854549854484799587957485765466574675974986456566494674778485568762756526278
83363553541425896667774689849889854768558895578979999767647568858575756795777546797977495687334723373
13853772165312664845586464746799884795664994946654576698775549975859476655554944765856956648772261762
23371671557787989499745549575686747897549895886576699987984994655494788557478845899698754577257621387
68123631585627788955754469584764884974574649766964955978487674669577685594685978794846965688677385421
51241228438258549675894977447844898948984967675468458746584664579798476869569897976494687837367146781
24128826761278478684697889648977599797468887498896759748897467444878754466878548854954489685117786311
14836321553278859665476459575495494879577868755878797887499786848755664787469665978674589457818326327
67775514666546689674896884766694448684999577496654457945844898568996884997948498785859489541733464734
55274615544554975548848468978645984987749847768675477797764755765655467899868989465456549866477134415
27668276815495959474588464788948967799985869784875758764546856844577848894796767687786788692521254547
41577457211945854895495788987696488749988899646756998977755764869474786854677755779799787491635255577
85317787733866456969686548775796499864757999684955996585485448767576897455878754998864776943257124626
46288768845765887478475857548657457467689668467466645574447499565599697675447544444965794676781378478
11765448346885478866594955457685649559589757468657479447679695957769875846555985994496654943858768424
75643624554795977945459888588586574659946786876547658645658897866875849994775894574985879781518484455
64765771544769966486649555495799596658765946747954548774669548785755548564959867849474797597224378465
52221855222585769454659464856774447954874976777567@98666594488657589679449756687995799659764711524478
78358627311954485568967494567474685949849948699996579559559676787946759586756479477474977696157178716
82216448281457954866596545959987878674947994779794844686654454895657546899957654599997676664113541164
46641261474847798844667684688997757468486465579484969949557554489657445647989944576994999775558481126
71442736415984589759555744459469977886454968987746546796494667496565686657456974648595556445484255885
68246775614656974467979958974758969584947877786577675849765448998595858947896884549664487542475666582
53311141734599765765454485995668949459968975745875765555988499768476695877694449476655468585121552674
42622112776465979975465564964974969489898966866985476798697544558745445674557797994685578964186125357
11218773773449654848766646947455846748957588968644764779658484796595984986458757879488759765752212744
11266386718668678948597795844689474678459468857979558684584657597748485556478958854454858747248434567
41482575128245985467664555486574767779747866949877786644647474464878684857446499585765855917686455754
83475535541494694894688899484499597658574547985599848448458946565776759748556654864969464652622135884
51638484174798779799964875567768596497845987466946466548765875959566894445557496595465765974425133816
78187733167485894986494645549796956976559454564659889495574896985957969654564669864776649134226858263
18825728822175995577648776744487468586976899699958864658574476764964976558657755449986579387655625845
56834183645217577488998797647895896584667686588656976665579979564459956967644564987956647818131148216
21243223776327988546588558846657966444698767745449588676886945474769567645665874489887473832878288825
66486224648357966879988595595784859968448748694665796849557896685999897669475874864479466521542422774
17465786727126145798478765696699858468579769655468584766889694666746746955478677848869851782758144123
48412177543257879668567664778767496464779768657446944564598599887666659747768487884694468841125628343
11571782781174354957666967768687475854696449648488564785454949456696495849894595578649436445685782862
81216448436272466774554589556474597777597484985459877684857544844895876689886695875956447253385528822
65135186147342812985998994688497675646879866495959966694697796967498567775545756454448424517115342887
54215377864416571884979796894678887565885559567889697598988655758764569457598769897993366111614262577
13731381678668714596595557687876445588797897944644749658556456864455675777444475657612622875468476551
67845388871463436835597489677966474964859778566474659596949889745564557646656954684272345357556671826
14612457664483825767444687556957496665654667864977978674749545697959477465795669551556715748613373536
43564533275266484886266788969888858864577677985474966746494855676679897494457646855172283131877741667
27146168847133551837758987969967887845667458696677956445784795656446868759754969677148737113467448216
58311572856628543365837495768594676678666958596767744757848979496875846795584885133214675856683442157
87512667566586883655616856866674768699679646966969695998876988995797976669786558216532837413317428373
32525162435624666378621527648774659957779675496448678977658587877695589955679727768466551737531832643
81685517628187741464426782676985875469894565658646688467597577486767444454755541483414354224766347872
34515524455812118437463281199788989997757857994767995576446759496957549776471152248161643818344113223
54386378678537175677355611778477746447887696497549466749798777577877899566236745371612826587131811567
84213152645612718773666265278645964468776944486674657849649495959489679558645648525615116434267147658
25188153661125333185466111847518994548696647967755764485989947549546445816175248533636511724344513146
82225247748534152371185341437556335554694445795557846654554497454749831856562556465672555786376466545
81552343853368338644543316112415558174566869944686877794769478668951286855785814171128312485677885264
63146862141652752827134867243838522856366578789788555587558878933618777638718862735824766658261427752
44113858126434573243766243453481781556278229895545659444578624834245547514563132378858412878858655413
46627633431284464331486812247658268465645565373226252556782557772486863577467734858863623855586485468
44738727328776371414528316436248556632278717131678684268873784258328743377256757685741681147667345223
36213767156848885745783861641442856515277213318183617355736253767111673863287352272263743876573286845
21538638186521125372882486765464622683883323782867524538135216251811132618681712564586854813822754635
73244362535543736228467387257866483234351477382261357832184285813887544558353612727224585274641538153
67785188782465536351533548831127428284348561613636616844218178248636783433218658776626226633587641334
24282778661418151355866741564424276134245115854677136124153538677367458762448824641726354572162818232
16354474636653553731252623533461162632783344338518831215676642635588852864382218666332444682678266342
23516743414315744772715474625536821722162426783355867328167575845167441511322654363357546257247143615
43566326367263321842543858233152682716453338442374763284145546572688132521616155248736235386412372655