4632524518
7251669007
24073137482
25389917405
29301378508
32943627672
33532114480
61785064735
64046103634
76723877773
80611780474
335210464780
361168722458
398141084462
555143513002
588564833963
619130080613
628459480655
1119575268023
1136994119939
1411198655677
1435767858025
1553632267376
1564569733894
1623333731359
1648853268295
1791398066866
1833802268602
2213998999570
2288490921369
2402192800107
2455921284706
2622753107845
2782586688816
2991329547282
3110312066445
3363258520396
3413400895255
3524793101513
3546567584916
4396913733144
4413078863385
4461396261829
4606943608231
4871132949480
4969066528746
5060588474205
5422666384118
5689738638433
6096802677070
6124538154006
6132713855155
6198154435865
6290600851775
6501476300739
6507422488619
6544330715172
6635699892467
6647909328175
6691603229404
6692178786066
6889603934929
6962947666958
7024093815975
7122431985687
7134295962208
7228880315710
7324998592893
7349415729273
7409853686731
7486204821332
7536610247917
7820043575880
7906790666898
7965508482489
7971131556554
7998303262231
8016056617408
8147043910300
8156772580968
8181244967963
8259734059188
8301393396247
8336290616455
8476017649299
8491383193761
8518887406343
8581187483293
8655434685709
8699827957182
8793397942973
8872550768105
9040490592106
9054494819706
9398397788768
9486196554894
9730811851386
9932558105934
9957222222429
9972347114937