4685746667445866455788648867886487765747645668655664643757475474575465737537776776473445634667457734638756876764586746448747767588547768847657657655487
8857576565785444684588587858677686547557588878544737335374564567767634774664574335564434435464553767635355576767456768475758486754656664675444464786747
8844667486448758884484754774886555854445477455367436653657775636337746574336776536777674434474745756355555746476856574476856478474475555557474848544555
4778554677765875865454786785785684658878857754333335436354774357434657664366357455736435756335764635364633575775448564668858855866654768646654685778644
6446658775444587644548774587485477575764766635664637454754465773677675747443337737643576474343547537643636577678667455888765486656477747665855577756456
8675574774665478574578854785576577767636333533373757575446443343365466637766565567655643667457564734447534337643576767545788647745875574488658668556655
6578786455875447745688856777754654753664633633664767554746735575466637357573755643735754774636335677473756544344335544676754454865786864766648654645444
8856848756646486774747855744687864536553335566557363777357364353767774737475543366457334457747336434655766744533753567444758674576446454768676678458876
7588744877477584844748665546546475374756733435564757764673665465474636756111111174643776537544773754767354767773756554766757477867788778878477786576645
7446575855668887866776745574585534667455367436565454773735364533764551111199999115665436566663645753347754757753457676538678457846676585747875744777556
456457555567446844785784856775377537536735575354647336476564333763554199911S999915764634733535774664647353355334536766765768575448656876875476485688675
7745477856877847785688686544364633765633757563774574577737473437556351999999999913633753673437663676436373777675357555777457546846748546778847558678848
5448688787666844454577567576734557737675736755555637353754775654345661999999999916346753747577467747474447377354373634647553574767575655478744768877644
5777474767786864458657748853655473575656574643735365767333355734553767535999999515354577357757754677773667467566365367563466478557454845787888788658877
7856466476646678554887887473345535433565435545676436544766445554745656335399997413757674347465454377663766634366344574675444637786447566744444454444857
4445455447656645757766853633376575434363633664374565364467544374654373464675345543634574354365553635335565737443736774667434466558778756478747876587677
7645488775845884558578566735777763635377537337774647466776375547547457433333733575755363675477363775543644773577543757775646775467667766878568776785558
8647455445687645556756475775565576736345666447556334657544563563536755534466566663465777576477554377656536336455656676733377656355675554587646586468455
8668887886778575558447344663357647775466536576353463767554744663637436564776536457563435634675755463646367647546345444455557356367568774744875475468468
6484685447546878484453343344356556533754673343536536433565554436446743743664435534536463475745636776576733346436347744336774733665447488468747665765756
4745744487748654457755333733637553447455767745375464577447565437735337555676446364473364373666537753476775353674776434775755436445466564574758875674776
6477574764657564843667444656544456777334335733546737777776435653766737554334667673477753467337564736353353773644474467575354445555766778787687874575876
6687588486446878434377464366547333567376744335553347437354756653636646565735465463545543446774636776636556347773667744756674757476763437565487546645666
8445654685475457757446365737337755663333444657656737653755373577735355246253642633646244777436475434544435646447334466465474657547743375776578575775778
7748664554644635575344347333354757775776547774446436375456557646465545554335454523546524636633636537354477434435757366453664373454444675446685875587647
4656555558886846537653375653376355574643676734576436577343433346336453255545256644353444565647643757776776645543566675466437335375636536554788548787876
7688846887556765473666566537563646656545547656773563364644263435543652555432554466554654645243355766466655544777636344567474575463377365366676556676486
8466688768857336664645673767774347554653646674676764443453462552465325535543523525363636645434435674754435655547475447537373644637635735443768867758554
5674566864743477644356653437744445477774736655645755255446534326654654543236665556454332666334634446356765566773544547753634737476335774567488588446677
7478845777454777457455533676466446777435336467536334426254353666634544563354356652563456236552243342637544353675335653653474357543543644763788765664888
7464788586334365765746674576774677577645577567434263266433566226252546464633644452632455646524266545665637643744445677635543774775555445764437784758656
4787845743536465374453375454764763447667573345252443553243262266436233652633426252235223423533543464542443573456774574477353547757574465367474678858674
7854668684453745443673364734457663575473335522642626533646222635454346254442236653624645644646223545542336467364445537373367564543744773653565755446676
8885656567353457366567555567755376566334554642446634266243556626522533225444346244465422462535524653565644547436667357637433454437646453475774755664748
5876668756663773753535764666533344577566364546336665424453226635536526245625354645434636244456642463325543526336675777655347374444563456677735366687468
5766766436554467755473364676473447753737342366235524554362452443643554334255564355333366226255446432526265564653555544367673574437456545454464546554755
5847875575564447756477467764336565663656426556635432242324236423464223422455645253643626533242265646225245244465475774753337636545774554543534755688786
5666574755354533556756735665343655765673365542635352265553453365446522664522442325433632336253444653325456643323534654755547637336765444676646557747884
6544557537477554634774367364346553334353232556542543254565626362633322233536452664626465342422622322232336255646244646356476337774357765436335763458464
6488774743656577637563746464537637655546623626555246245343424624655345222352234242324533323526432226452455342322536643633343774453766374656364754586868
8458665655776743335535735737335754353353652665363245532644244463356522444524222262345235626526654632545263534635534655445473445763736437437457337657777
5744477475763433445335675673477554756532434322262524243444344546322535465656253534646343663325534565445356553535525457445676657546566564533747576465886
5585367743734734667443335574467455466553446362634664622544466335363423243565444243664526566235226366524336654322646657635674676573566733476347347664874
5764446555376573356555547663743632553545354625443334536523444252242222232253362652636542565635223623264353245633523333745373757333335457744356753655566
8773747464346777447664737665466424244245363256333423536363442253465332646663562223442236445264522263466653526332535232653677437366657374637774567763758
5764656347456435466663473346463324233236523463626255542556356543236555445235355625252444225642646565534656223456332463244743466455733365563653736435645
7764436667733745733435435646437456426552432226533263462544563233222535424222626552432255466653464455226545544562655652344533355554575737546664465464577
5466643453366356764663453466446526644555663655266625326524322546223625644224546356453222636626352532344342662542246425255456764765636734643655534444657
8636544355375746666374475774374252322643225646642364432222653526342655334256562333526633342434525525423336555244253455445465345456754657754375343767755
4643446667473777557453643557654455224442355456265622643633663334253224455454544233235435434645343434265245342223656343455343567336434437364354445653437
7365556536465464756334776367544244223245535536465643523244266525526455444425444322254356353526442626325642633324525623632557575466567355363564745344445
6434574463365637737753735364625463363644345546336256526223455222224432334352322434322456432546356363232645445235326342535534366433776645677334753755734
3637657434675556575675476544353232534243633453525234336264543433352532335343225544234544244335422253636453334466534534556224335456555655755475745635635
3573647535575345567757475543226265236224646262653445633562445345433423433454524532224425555546324322363234262454456635255324757543345556556754343555635
7736353337453353767645746643426435256444363233523666536333434225445455245454554353335524455522433325634426322554242643522465443537777357437667565474453
6543635763376743356735655366235462366353445342462662644664355424253244552453254322255235233424323425353665432263262252334355574655465465375656675564555
6547445576634475466537536364664543252422464235255634243225353444243344453435345333325233422425222225234224262562444555322523477547546433374735737675463
7775667674537573455663556444553533636424444563434634355542545334323445422332345322543235544445364226336335524235535326453552266755375565366665346546545
4664464647354445775436473544646546254546423366362365563454545434344345255522523255345442233542246465544366623253656323353225434744537364335477376353354
7674457354556453553663347655536544426242555226543224523253355234255532434243232243454323434333535645654462652556445325323624233467757546457756433433635
4554646463476455556333754264335525342443344422525564654224422355444555254322344452235332525343454225466336462344466453323642665746667656655376466557563
5346775445774733766656653244366642336643626342662426444523453244333453242334523222545534522344542364326242556336262235266543455647774543676744735567356
4547657477675655537776634253265245564655226356655233354225234345554345433354524323543442424233442343223222523245354565445546646353743735677564633343765
6447463356434657454755654536655565634556566633445524335242553332442435344234423325253242452434344535466464452332562424623445352665573345734357543354654
6377533535654774337446736636253333533626652623546225334254352342444322524325443544324454352424452452645644256223442456555522656565744647444337747633636
7666737655365746653743436566664562663553364625536224222452522545555353443433232452453354533422453333453543543345633346533664235347647537666436557463544
7536475567763434557343352362226626666642222522455324353354225343343232335253522553223245352245525422255645456545333554656433222344757663755457745533575
3536343356436765574447723266523323325223234223224653432333322422435454445323443542542324354534324332326543426544542423443365653543454454375545636563773
5455343665445376746533532464633434444546642462456425432554353425554423222335255542354545443245222345422246246563625426224263422675545534573734675357353
3457466457666553337474342352243522664355225632542425325535525255234532435353334333323324423244342454534525224322656562363462626555465657577677347466575
5565763567335457776546763245223265463455662645323344322324524432243422253424444342533223532323442345532655654366522243445543226564473457644667354767667
6533564334666333667645653363544556362522356452255322325524454325523524333425353332533232524452524354446336232563422554423566564656436333475337457735777
4463475654334365667447355345525442456353534343563254335233244535552355534453335544554423253322352555345242666325356546464253243433766353643455753433654
5646356734536744575667424223243655235623535426262423454224535525254242325444253232445424342434535435345254465456322666344463562275447547637577767356454
4754635357634365644476256444343625525263464532262254355233435433532423442335452535422523324253233223232454323266355324626543653526766536453334635557345
474677464645735666473756545366433535446266463345322245452232453324232233525@543345542322252523422353354554432254454543445655344567635476676447557746545
3334756665344344367337564243242542346523555223636252555353253525333245234599955445532435255442233535455552266263632435624353434436354456757743356736344
7774364367336463435746655655555262356426262623636525223533245235254425452399952252432552253553444433456553242635254335346244544455365546366543573373463
6347347374563443444367436446542646543324436566353542353424234555253535453399923455445452445555423222553442554655356646236633643236767664357353745457465
4576567574336663767475433363655632252526246226223342422223535453422225555599952242433243424445434232234633222655334663555236235465645443556477745446334
7737746465375377344667324223646542552336545456452533242233324332535333354499952534543552522553423224554346352643434433464526345655353563477543353557565
3436464575346437634377765424466644223546554352465333554352243543353253333499942343444524333255523322553626443243555456633254562445665534546734343745777
7477674776573434643677634654523622425635552232465344543432343253432335535499942522433542455545543353354262544654643563252432564555545563344773334376535
3646443355346467634475633545645225555562566446666622432244523452442554435499925435554453254252453225322542332463666264422236426375357573375476777454474
6576733645447736456637653354346465555356455664336543342543545435335223225599953552244443554235355243264222634345562536342435236473566557765763367776755
4363746676773533553456743554455333544346465556523634254344532324222454422399955445324442243542423243452453663356645364642623443655664575465656553545637
3766437453764374744436676524665235262622654222266243252324242232253445423299955234223223424423452444652326555554453255662433355547554645435767675463433
7355755337356376666737772424646436362324624642553325354555443354535234544299954332435532334434334254644644343456335342362442436644334637575735374665345
5357674377737454455563544265536224363633426336646224523243355434452554324599925422425525342534552344565464652444534466323445526556455376474657634553554
5757544463753344455455656662664663466434664563532426625354325425534355534399952333533543232424442222432463254443364633463645533455466443545647645565633
4774763576433575673645537423635563424225244326536652423253234243544534244299923534343432232352422233235466324553362445643654424644444564773755443764557
6365747567575345464757473456635456424355366323252366365223332352343523523499925323335254433555433355664242422656322532554365446736744447777563635377475
6673763674475737357765545466342254422334336366442655554454325543352442543399952253354434535344326435352562365266365433365332653543757575563444644755674
6735657454675457634737453755265535543256644252423465564633523244255254352599953342423223234343533564523343654665242426642223565677676373645635666755475
6445365457546665477775646432632352436435542444552646233424535453543344223599935322255435433425556524564542533442645455665435463436575376334744447753475
6564447533644443473536475744633263323544533445643625423232353235323243523599952543355335355253242666522556222626526363656462346354457473466733365676745
7436736643676347653546446533553355223623364466453365366263632444542335252499945434535544222226644322636662263465422454434236737767733343366366756343466
4655746644576555457374377433355343264262345324244463622326633455242445454399925325325222552242245464443335335243462454325625473773476464374464363353353
3443743764543443766755753447323352435422343426555253623365543243522452353599942522554235346365454563244545554245555536225256756353357735536674445774645
6663443467433667366674567765335362243666253623562625622546336426354252452299955523534523652323342252356242335542223246354447636576456365635734455545647
5647563435765467545767577574522446656423264644322454543622235666562455254399943533452344264543343523264622253222342552365256346556653555673775454465466
6445444377653443436463734646435263546263444454534346433235354342555543342499934433522262424346554542533342433463234442454434434775476737636733454647734
5337743733537565765357536675456443362356264626566223464424533463363366554499942542355354436363433542642422433666226465526345447475774743377466476656346
6475635575545673775764436745656325433226625634222325424564452544432352453299946333564542334255224624363463563652662336542467344766366433443635347777367
5364553573763335554374537767546332342636353352266523662564532435534423236599956625666626646345552246262624343663545426663447566565445775535634556774577
8535744574447456375565575774367662235525225562334555526264545652533223243399966363423352555364325544256623655235643264637336544735466566747367744656467
8834564463676476576353343437466624652232356326433432644625563343562245553499926633564266364266654352666633644256346332664766477646445556776674473465658
7566334643356337676756633645774664544433424434555425464265533643253464333599924535555634524542452566433423264564642663473745757744347433576433553375676
4577573373536364476736555553347375564544236636554563345566626333465345625499946226456426622236243465443565526362642255457734745557464454444343775756867
7858636657777335463636457336564576523542353656435233225464654633524522532499935555532326563255334336536456363232333363665346357647535766774557567757658
7455367444366545556373577573747543742245634454343432362342546322342445546599953235662363222642325345322446253522456556346767737377765567757577777335477
7656554643543466537436374637647663666664445523533325536456232356626322442699966263244234435363624664466325455334643457577745665547444537737776676345666
7555876747335437344633465547654463675656366543446524445665644443454442435499954653664636546343624433535335652554276767344477656766764377567473367647674
4844784345753345555456654536767634544636266652624525663424422536652535345399925534422653366345564256643535663433674766354465757465757747637574644776444
6765865576537553436377676634343677737553563665226342453264453252352435453499955536653534656352534252425623653346735567653464337754746677747746335586885
6884568366673766554734357373453576676453566334332246636443462244346526446599943264324365646235644436255432644463663747556357557436777375463654634475685
7587668476777545445763357655643733656574462622226425342555232523254523632299954253234624452424666554565365446644375563665733545667447373433343578877468
6775785733345356767473533533344334777473374662363642645463354566666536243699965364622536655246633623535332335774664766376767733756477547367333448467874
8586577463733534547673765335674357756766466622456564544656533333445436364299922663364635236362526664656346235544336546367445367363433376656466667777754
8865846756554774674665445657473746765647673546553466233435553245236365362299926535532263333266463553642255745366643536444777656566364355434577585856668
4556874474455444356447555753534745765443475534742242362653422346366236426599963224555424463622426333443633757757433443556574653364773344643455574587648
8644677678865455554576466467436535445657457554463244362344253234456425523299924255645365665353324222354377674646743346434353736377435465377565568587878
7654746454535774453454357363766335466366674444443333565234234535424346362299946643525552642555525333335467544653563347776734573543347563743357688454778
4878576784666554634436335463663463366647363375454636435336353662252424564599966436354443562222353534756647773347654465447533445477335664753876546878545
7576764745578535366564744655747653444765667773546554433436323352563253643599926523332453452425456664456756566756454577435475674677345667357478664857564
8644657486885645654337566564534366356674736535333764634473342456223246363299966523653465253235475374465367577436463374453363447554476575367774875564846
6888656544787647453635767566337534757364764435537575775737454634263424354399933554632525466665474644637345434333356476774435454464543577565877478764576
8845844858847785666734575374743764475375534556464745746765765637752664243299923254662247333353747745437473656556376556666665435375354476765587765448465
4778666546647554636646475435345674354433354574466465747747347647533376444599946745654673743437365573444545547456534665746445536433777367568644855544664
5677477848665858456734547333375565446564563577475743366543564637376664534399975473376563434374334574337553745674666333377446474757743475748457775854764
8845668645667478675563744473344335753557644465464575555546444456663357534799973435767375775464773536676734353646637653366477466734336547657687666846468
4464745867568486664337444574654454756477643673444477557347744734353746376399934546543555734447363367757733675645436664764374635575738477858648465556886
4444686455478754665867755373757345546566537736364434736474575374734743673599965644536354444464575777443434647747746335774335463635655648578468474558645
4654877546586758676553465636565666357337665775537566567537377646576347563599945577567647457466453447337454676775675475445665556547745584845688746584587
5574484587668464457775447363743736654374636563445777473774474576335665535799967745773453637664464766654753676576336755443466677435477647687884864576877
8544664476587466776685854373534373337635744353455737566433345755744356755599973543356734546747733577344436747363563673475545547687857766857756545665758
6675656774767685758784647575466675436676657765776774463376346334745637377799953733336754656335756647636555334577465645735754463464455647584787888564575
6647587548477686677454467537573654433443676755746657535477433564665555466699956747774746774567655573473637375747647636355763787488674855558866878676485
7844654658885457574667668474456667447555745353357367577573777374437746576599956536465535737753464647545554436655763676536566666475858647644557644587775
7474656446874784557568448477437577737445533744747766676354646735575375374799963653456356436766337436356747733547456356467564477555878876446855455867467
4744464686758847546877775454574565477563676333476663534773677677555545666699943355364454565465445767374456377657743447645478848574454758675847885448845
4775667685765648857688845667877754345565456633656345647553546744645546544799977764673375764737763645565337445744763575735454785568578665774758788785864
6864787866585568486665464488758646443757666344577466743433536557565647563599934343374534577373337577655644476666353347577554576745867448576484465785557
8557847545584887477454477574668557645455443334477464437765656375473563345399934566377564477756573646564366376445373766866675587568485547845555864446776
4767488844667664854887764884855847845364436557453374655437357456777773573399976667654765453535676337653646547437753688855464664867667488755657676675847
6888554547875855466764457455468447467576437573564765444356643737436336663599943543675477447563655464665374735475364656745548686474584566545467755578668
6766885864586578868885875644887466764748564636466543557577555643357337663699976355355536465757734347776746453564744448555688467757857487548857586656684
5884458844544545867875778875545846745485663434644643654763534454473765647599944537733736637444344445436353665485858746675884887575765778448884558468546
4858666777746765774567685848755466847684455854643575543753374645436674555399954755577565566676543463546764666687757866446847686847867486874564486784688
4647785567684748666788448666786877567686588547565775736575355366465764774399937575536333557454664533536458545767785564456454545674778677746586557445885
5665547756566884757747776874867674886764556856458337363654436475543547653799977446644677537657375755554547556647684656846877564846675574748687748757884