4531956666853963625832969624514927924491111313737836446736364835638292152644123731223995286298947136646931748888163621163415947356671138188639999972876257429221759693753275863993779264557843556713867534
2844417323311152513617277593245712791111111119685321953111111111117924278969643268474357756471747911111115282456952722671289357622111111111112282381323511111111367768227729166784415156284631111111111792
6465111111111945137291111111796279611118681311553553171112111111111163949111111598826318782861357115789119626211111114364961669111129894663239576571711145532711112326111112155411111297373111111174117884
5611111111111112158771117865123426111261655257655165913511122358111181827121111185169953943959515127643194588321246212277197291178483349427267157865114214275981123911179898878332211113171111432361527456
9711138884329511118872113127492354121188482272727653633466114222641125551121414116643471354849492155258677957113118713468586211764991928511112349491678656768261161157392994339811119514968211356444754876
7711164349594459113443891118265777915111466168521747646311861117641126554111582654477968263145533117688196244684366915632631918489681111129861383719732438527811242113993562718475969257941623112638622666
6611133412411114231151417284161557164552849375336553188791551978341144627611146245915115772111545711926556858611215216339386111111111117411118374918141111116114741681111111889611783561746249862343867721
1671111111111111136717281429219189933154949116217111111111161895211975635811119588956121249135875181114831972866177111292391931111591111114111266512119864261111955934359339831199567461116411123616271378
7142111111593121717779745841111111153968498841111111111111116419698972796151211772811156681179423173119835192111153191386189887271134561138117825411413934521376295668933631111111814187182111921112689196
1251673367937829148787735411222222115845459411111118659289115417664151111111111111119519853167879638287965241122141319111431156961142211619546647736391116646277399883581118632981774642911143214271457341
5685526893237351114775663112111111111192933111131213791469393243511111112219182111268623164711458261496112111222116639157393145111176911724116342729511181172193495247111374854276729971136443149716176144
5393831665189111111115572112177165957154461113232814136933289612711111312213454725736111555756542582361611111232159423863569911122115619797189281834413993813924911711122584744949373911142664795416161255
6715682789217117751851194811116137995135324111841299211111275931111612512216372942311121737115969954111111961232129912186911112222118617476975122538518555719766318281611191111199599219793327786546111198
3895111119923211796865935831111131164112453611111111119943416498113175112112792971112221712921711111111939411222111111111111112332133111347351119882811641949956118263111168127592486515972116916987113317
3771111111189867391816922916381111157625439344549574514657698957118649111181755111222321723711111144494598112111111111111363312322197111839157226641356111812354113894669397124986358118612115322415183756
7491172679116726632957993926551134272531759777929171111111693764168889111362211122233321971111528564459351111152837919353121112221115911117196762595834411111111193354771652778137959419465711443791424184
9611154368311615575384351114211226121479676877576111111111111123188841119341112223333221111221111111181111115833611118616511222211421781225198111167431169476662571731279449111982619314468141118111453954
2611942824354146828616111211118751711111111114231111972321121758112411188411222322222211111111111122111221679988611847891112232111158498778211112151471851119164522533851116351111463911253618511195519411
4111763693572911412281121111116275112111112117331217641457111746455364357112222221111116962818272111111121111178885932111112332157285225913111222144311111111131548526119746567911819781119389265211983562
5211126523324817864822121322111894121135211218921111365731211896872791111122211111723719788257815157111111112111146986469112222111111111111122222174811325911112751521383344861119291416527792826392978788
4931169321112982788577111134917111121811471214652111166814639636764111122211116989373628529627716151529333611112111193811111111111112211111223221139511138693211517149344936497152269779498127381624874916
9581119111158165628123711145677891111128811115424911111941368346521112221115519578978111111111111111111925161211122111111111885653311112391232211273951969349911923823213131151725434538983179111111113364
8188111111913873236556464111379869912179889186585999497111147375111222111287711271111192912672711511111113113698112222152644558999376319111232117245471351123111397383393497111116922657711691157469251955
4499651523149611111112917989111497311119117976357331684819344841112221139147718116127691178155128827583511117442111122117491371111172365112222152966362671247451449599561111111321781645345317986453131824
2394349313142111111111176668391738751411179229411111111182777511222211788282661589829898469111129568358928119671282112211564461346486311122211152858411162925821272981111163968391534549184818924222111227
5956237925771111132411161254376962549353976828111111111113314412222116114351212168254481111115876793311111171497172911221113886739111112221117985212524498848412423651133993151371511691556119437188696339
6445578198291113157196153225111111111499684791121148611212216112221128221458626463274111221169432211112714481414794661122211583592111222111842254851118382811145569624118711118749911111586689611319625892
7475351223829111568178727461111161111111125939121178161113941122211481625643611935551122221372117141397322851111116994112221896844711111135499485711631192574334535398411111685219114559118894477361279268
8971517898299511111512374836113655419111171837121164571168251223217977111591312641211223321123717416211863381193711442711221114892313113941672253791135211612971644536823784798431772166411237632757264688
6923169812615184411119793593111169186511111831112113111176111233214868111121169289512233322113694394111379111354274892431222211192446111186444268411742551152171516311111533373113565113115797668111111128
8816148237584659249273359295111113574184329788111114511583212233211997166784119141312233332211111111111459111157345884951123222111111111113923584885114759164594611122731115833916757681172849781194141182
6171194641111959435978119464153711111143644739821134611792212333219273538495672524311223333222222222221761311396626516498123332222222222211185636213317646117113119885793111199664891859941395612359371112
7471162851217472291111113418882252698524569539817488711862912333212441116974662774541122223333333222111111111694451142499123322222222211111845294176129283715391118838217911167917197819856417569628111746
1131162131212115311117155913273622486311112962657677361826512222211111111111143656529111122222222211111112211383643111752123321111111111911112984114865676413587652151195111331362756319668117314822415189
5891126481115316111555846912831781111111211111181882591953112211117714237611119527165997111221111117164212211474654911824123321356879799357849469534176146118993144543111161749332111111111148987394541855
5661144111124891111995167178961111222222222222111134811339312118547713633833111187572386151111275586231112221618136211985123321141297261711111111172511729173171636897636463767111111462911118417914383334
3913112111876937111734111125311222222111111122222111352925211184811185517752371111178512227521153111162612221115564811242123322193211577481666782114952111162497751178746468899112732471512114623581643225
6163911119325351611111149533112222111139591111122221113411114571111755512966476211119891173488578172953411111125692211448123332111818732721187327114414961793663111111114179491177617911541113498111187914
8369318632316165878436732581122221179964566647111122211112211111195396113682523334111118335643697644111111311548285114497123432221162777613311288611192573217111111667511193761513334471111778251175111212
7738372874116769115166596471223211172611111163841111122222217749189921112111195766411111111111111111111117211641671199337123433322118798721418411175623276125131346573271183711623231111464635111237411125
1453869321131511882949426111233217668131713963693769111122211637647431116972493567649411221111111111192694118485811748481123332222211751347721118891246418537128179215111865361166997514753972115418851165
7834763551723611972792353211223219244829752128476838187111111111763911219569711939231111211248734519857211119765118197411222222111111114154519181728111198787116775411144571685813938111111939494197211174
7551365111997811257319834811122211728381111111199347892234312899566817343226773911111121111627117746224611112761126685112232111151121848519755441111112111859811331528192157528584311112111119775949412388
8585377911311111219173537729112221146751122222111118777669821891138767951764111111221111987383162895557981156511323367112332163622125811111111157153122221111621116934911281711867911558298116461862723459
3433333711112116371169751597111222112448111122222111189367114723353113111111122222111653283288985465546771133513472438122332198744355111152931126941123322211183511145411111111158114899831181872588894657
3573717696111169281112641827981112211148534111122222111111111111111111122222222332164229383371111173368851273845783211123332136218564112679511398411123333222113853511111111111119311886294117963811199563
7512111971723464651275111892152911111111159462111112222222222222222221111111112232111111111111114412557811467421415112223432111691623125928118991611223333332211138151159673818111131115478675311112111432
2219231166823379251941811911367691941111111737552111111111222111111111294386311222222222221111672371111186833118826122333332221361265417981196571112222222333221196911518824721111672871111871111138771167
1578121184193962921145111134193627793982328728345883638881111114976261984483151123333222111518315511111311111149311122222222221978112377119747491122221112343322117511639293111158582449144589316521961395
4223759111667131111111112131111111685442179517983976885944486311111111647224895123322211162247141112271811161137112211111111111174419311123882211222211912333332211611523621159653773111116522333628811928
4519541116238611994111124151111111132899811111115326275554155275425911276117641122221111221981111688511161549611122113416211743727777113896439112222117912222223216571977712651411111111111712544453452831
8719692111834721177117782411491111111825911111111931697931493912534115919761111222111255545711986721119487773112211163363662159411658478832411122211154412111123211812168298417111116322971513382585429831
4211396111133928116648172118996511163884611841611978175911116612561118521111222111175277741113734112553136251122119893241611111141264497321112222116897911127123221216176938451111134988833393427884211191
6361179111724119113492861138515412185829551352241158551115377278117571111222211139211289143953811449418518111211183571377658111618877241111222211172324111395123321175186568981119494294111471878111161574
1194211174716119118381431518139811114689344189645299111511815911393811122221118266791192459138118291111391122112779611811114235938911111222221117965721118836123321438788411164111165524989568411151111263
6846947113379611113242331215586111791111111645644616114166471145911112222111186819694111117431521114747111221137355249436546651111111222221111895118541111488123321568814112134411111111192675118137811148
2172297751895911511931564335861169265111111158318121199921118887111222211185956499169912215621111836111122221562794467835111111122222221111117531545111173881123321789611122113656555371447573116585331177
8491131648832418633784156946725467171111511157288771193111579331122221113177781566499112112451264427112222221111111111111122222222211111858612116588111187531223321691112222214154885598765255135254921145
2712371796594345363668513475874118831477112156688119111527373411222211491529121788244121123859993311111111222222222222222222211111114929873651185421111983211233321111222333211793911111112876712671551143
2191911489171954416496232352411124321859212117831688924191271112221115964717625339111111448854111111727471222222222211111111115885932836811114357111116527111234322222222223221176111439611384369153111387
9416991367179194912419131111111126968538211132689914562895911222211285781199662186121115591211112438385111221111111117699991342911432643782143411111155978112234333222111123321147119655611168715483631252
9456531189186183211758113115211168756275311945917891529231112222112455113324311551111255841111185417111111111116329489546326111111111118186487111116555111122333322211187123322157117191634216851122498366
7128151142131115391138181914881189111182414798156411184261122221149841169863117811159525511145639111111111725981583682431111111111111118824111114827441112223322221112826123332158118414186352979911657578
2916141154118216651181249976811784279385646361125623134111222211517311695811127119125521111299831121116426883633929111566511144888512219611114725287111222333221111533796123432138811154427695793611111786
3551511646117612992111296451113481576158681111969481183512232115287113199115181183761211112523111111563345711655867111758141944212712117692734456211111112332211245986458123432125361542476144643513111316
5886117155911111741763111111796586174719818711495781183112322112841132311111111883215511176181121161587336311448911166481613938744111123127683685111119112322119615951156123432133916291287166678185131292
1885125316711151439251239728549381178111912711977621484122321196111217111712696731133111867711211724651199711686115141369881623111115334727855421114543112221153114221195123432176995691111121817163391496
7931228944815131751375941636234311113731196611835618386123321877715436117719499524423111516112218264416187113571122716811941111111832689644356111117341122211691111871172123332149981112439371165998722883
6566181935431432717938111417639111286171575881111165921123321241576496111587571211631116982122114633113241157711446377711111111175917342271811111468611222114414411691198123322156811393577961165411397147
6741873419268943431854582811176211147111241572624366651223321155914615114689734118281215391122157811166851375911645144169885921176273139711111115697112221191292811131431123321139115299217711979742982761
4411351114599682871163193521247631111153235944742187861233321124463227111162591179371215361222127151657441266316565511845279561111111111111156634611122211775974212111821223221144114254261117918892369357
2161761116754535512111142711739292555997695112924934991234321811111115711154111134391212751122153861183431779411164191436162811111111111937817349112222113691563111111161233211659516122851132268111111732
3681111173911588191181111119317852567366494121121381411234321556131119915111117583991112488122119219115541138318431341714751111881365363511132711122221133133111114619311232218319811838324836111487911188
8342537468515831155743613992465467149626771111311365311233321563684111431956451199696112248112214894611196141119311111111111153238661111173662111222111889475811256811112232119326971119446711637364115534
6421223114111388192242325861456791291782611138611998631223321279311111588889381112664111942911211716791111151312231111111274966156111248322711122221133461136311145865112322175924615534724116678251759399
5734462111118121167622112592683921179917472116721168331123321231111176211111111117229111195341121173364311373312312318762879364635439382841112222111696819549671112581122221169151117848421196647915672892
2867687811127411825246111561171911114314241311111131769123321183115357711518411994835621111458112111748521914111246453111111263862946536111222211139861647211111167911222211432111111121611819587512932759
2511121495111111785169218117188511178568867642663437564123322133111229217656284816115179111825211111111424146291955111115531133543512111122221117752369542116847472112222111971116478112311279356531392395
1914389213219593357829611199311111442631372527142987419122332118511188581195446128115529951111684122211111832121532349776657927211111122222111443521165879184156381122221125271137493111681111111197994448
3113233235253388413762717429254395421132111115111114593112222211321131778353113337111468988711111123222211111751171594992621111111222222111118512578711321829785111222211744967125263911136581515894111974
8112637356915946144523116576218694851982628279581481112711122221621162242569311628411148527987111122222222221111111111111111222222222111155982714962311924499191122221113776975116531281179273478311261224
9111917711534511168711112215467266111811396453217267115116112221111524682861811148131111586171357111111122222222222222222222222111111111414644111167911894942111222111815674531115112391133685895314451158
5461795183156289111117651546255417381119529684911111142898711222111765116741551111796181114311619288959111111111112221112111111184297886955411111391511448911122222199636996111111111111152157829143711131
5397471229917841211593358158345131563111111111111141747645761122221199111169978111117754115516111116618435742737511111311175767411755869311111119578117571112222211132541111111451999211429957437168521189
1696361834977151175815171491512314878348964185854329936841157112222111122111873991111111119874691361111111111828154778568411111117344511112111486148793111222221115936111147117598429885811291157332451949
9317171167675161115698661171581199935122111358429388239912611511122222222221111718412111176386625666636361221564311111111111162498711112211127352997111122222111145711299341195554436316881251129573211373
8677872115711215638223397111119794192561811389457111118711781132111222333322221111542537133311111111111111111463141261111466991111112211112219411111122222211151612151182822638828948621364514149151159952
9667193311135387546243217716812695111111111183881954891111941861181112222333322221111119371467357271111111458754493761678951111112222213146211111222222221113263711997188768995231111111165785111111465358
3715111999641643691111111751857924155117711441382381751361599317549811112234333322222111111161425149984978875257551311111111222222333211111112222232211111175533211111143591237111119331542673556667739415
5219111687476892511749277915941898369152619187921582162841766739549888911234444333332222222111111111111111111111111112222222233333343222222222333332119721955458735263189667511117921933558226819211111695
3258331191945214611194121766119355829345248311681891167669133929736412971233333333333333332222222222222222222222222222333333333333333333333333333332147483429836549551977718211117142421116658183114921364
9745751144112671512111168691112888411111111111111111111111111111111111111222222222222222222222222222222222222222222222222222222222222222222222222222111111111111111111111151884111111113582658768114871873
9569381128143175164198111115738869817511211111111111111111111111111111111111111111111111111111111111111111111111111111111111111111111111111111111111111111111111111115111979288337895742119297331146794788
4371821535111627611822824952157915154514373614434311371894971381283118798718986659839972472164647182944942326786992842457922915982958493235242546167834533845357114824851116183262451111111115111158966914
2232115294711525151319245936873358227711181146421111111178625811118714713755941111742242112711111641881663433436888463841111151882578767111331872839897111111112397432111111154131411139924611311189652134
9766535256811111121888441112288456155349115381117956111117911157911119696511111111111221621112861111977543848115383547111111111151262111111111124569111111144611227421145911112144114864289851882116249362
1951869443563581175432136111116514772155461181694262691149116691711135695125273144121398811822384919265813156255119881167151412115641192236672117225911179965971832771325555118684112359943111841643329829
6399818338111522274138814665112161115741511921267681111477181561111526817316676811111554111571144121626811183163119381163836952495161314195733118461117898144298171263289448718787311114517474866211487661
3598163192416621881111253111154851113239111223438185127989931111254787169936111111937351161749774157143423119884511195117147784145681638114826291163119475711759423912625521316713861117964874987785536615
3821993871216319429861184457235125341191122751217718821341136949274646396518813734249717112572885211111151371142126151171852461141872821611831351479814911171263799356386274185297629738293118692111117211
3491292195141915819776411778138277474969318624814854981113568279675326337299198112458782397837355118776311557436465979125196525173379252181111179973391817987514411977915321115837943118441659331176911362
2111987493732174811559971811167111111142876739948511111111125191152111111266335135532191111111431157569621475889157268251242837186156611893324811115428117599751243113988115543141122611911511128716511889
9671819195185134412832611648724541744393111182152688474594111956112675811112985815838819759611653417819937194813637667754753761199555113412646797119112115263226936411197157969147961951541531293514311521
8151178696221891831177111928584226448159571145632618936984119872811112821114398882119776611118859576685822723291995616867237697117618196584215111111487311166118681451111151827211378411293531193279115475
7732111111117284861111177892212911111111155645892731111111142258477711111131486874328111111646888772985519287424111111111748514861111139534566421142355335111157451468646735892176911257552477711111161589